1846919_10704_android_4847_12713379	1511402702471	1511404053183
2705924_8092_android_4846_12713084	1511391870552	1511391892106	1511391932125	1511392076185	1511392386314	1511392631430	1511393854935	1511394742291	1511401059973
1816730_7274_ios_4846_12713394	1511403071301	1511403242857	1511403443934
2627469_9971_ios_4844_12712978	1511373048676	1511373207114	1511373908363	1511399709426
2384080_10738_android_4845_12712957	1511371300696	1511377250434	1511379025847
2758617_10034_android_4846_12713071	1511391126047	1511391615995	1511391653010	1511392710469	1511396013806	1511396191872	1511397647612	1511398858074	1511400284657	1511402115415	1511403862103
500909_10045_android_4843_12713181	1511397479523	1511397936722	1511399296252	1511399444314	1511400026547	1511400802869	1511400985942
2763793_10254_ios_4845_12713447	1511404118484	1511404127213
1967187_10594_android_4846_12713319	1511401190691	1511401235049	1511401391117	1511401501175	1511401994367
2764581_10594_android_4844_12713387	1511402851187	1511403100802	1511403161827	1511403305881	1511403371905
2722054_7439_android_4844_12713237	1511398959566	1511399143192	1511399446315	1511403343895
2321399_8517_ios_4844_12712987	1511373999600	1511374037405	1511374169450	1511377108384	1511391870096	1511391918118	1511398163808	1511398242836	1511398257842	1511398386891	1511398394894	1511398442912	1511398467921	1511398471923	1511398594969	1511398744031	1511398802052	1511398920099	1511398936105	1511398948111	1511399360278	1511399496335	1511399541355	1511399608384	1511399656404	1511399753442	1511399831475	1511399868488	1511399895496	1511399926507	1511399942513	1511400143595	1511400183612	1511400195618	1511400267650	1511400311668	1511400312669	1511400400705	1511400658811	1511400661812	1511400685822	1511400695826	1511400702829	1511400803870	1511400895906	1511400971937	1511401021957	1511401159017	1511401179025	1511401368106	1511401403122	1511401487169	1511401493172	1511401639231	1511401653237	1511401738270	1511401990365	1511402429542	1511402468555	1511402938736	1511403064786	1511403146820	1511403726046	1511403735049	1511404024170	1511404035176	1511404048181	1511404131216	1511404277278	1511404514382	1511404610415	1511404611416	1511404654431	1511404721454	1511404726464
2750619_10921_android_4846_12713275	1511399961274	1511399988532	1511400105579	1511400128589	1511400214627	1511400218628	1511400270652	1511400657811	1511400782861
1123317_10741_ios_4846_12713403	1511403293046	1511403387912	1511403447936	1511403499954	1511403679026	1511403731048	1511403734049	1511403854099	1511403905120	1511403957141	1511403964144	1511404001160	1511404085196	1511404191241	1511404255268	1511404346307	1511404420339	1511404427344	1511404453356	1511404453356	1511404464361	1511404512381	1511404567400	1511404577403
2386835_8679_ios_4844_12713201	1511397984671	1511398004748	1511398032759	1511398037761	1511398043763	1511398057768	1511398117788	1511398256841	1511398507936	1511398811056	1511399507340	1511402081401
1693599_10440_android_4846_12713322	1511401266510	1511401512179	1511403171831
2745506_5411_android_4846_12713359	1511402232276	1511402253472	1511402274480	1511402276481	1511402315497	1511402478559	1511404737468
2405532_10337_android_4843_12713096	1511392459439	1511392525382
2754014_10124_android_4845_12713197	1511397930827	1511397941724	1511398379889	1511398672001
2016089_9675_ios_4843_12713377	1511402689601	1511402706644	1511402734656	1511402735656	1511402753663	1511402882713	1511403197840	1511403417924	1511403512958	1511403673024	1511403714041	1511403720043	1511403723045	1511403727047	1511403751055	1511403762060	1511403772064	1511403853099	1511403857101	1511403898117	1511403939134	1511403941135	1511403943136	1511403983152	1511404021169	1511404197243	1511404207248	1511404286281	1511404322296	1511404401331	1511404406334	1511404653430
20053_10942_ios_4844_12712994	1511374720213	1511376658239	1511377045363	1511390437546	1511396132851	1511397094410	1511397238463	1511397474546	1511397476548	1511397601593	1511397638608	1511397807675	1511398250839	1511398729024	1511398872079	1511398926101	1511399028144	1511399212218	1511399297252	1511399387289	1511399723432	1511399728433	1511400024546	1511400027547	1511400114583	1511400157601	1511400374694	1511400674818	1511400940925	1511401206036	1511401773284	1511401788290	1511401957353	1511402012374	1511403584988	1511403914123	1511404313293
1837453_10279_android_4846_12712991	1511374227420	1511374312494	1511374339503	1511374343504	1511377090379	1511377582521	1511377647537	1511378852806	1511379005842	1511379155878	1511379158879	1511379274906	1511379327919	1511379646988	1511381092332	1511381126340	1511388032793	1511391411915	1511392177228	1511393470785
2666183_10215_android_4843_12713278	1511400081593	1511400092574	1511400205622	1511400392702	1511400685822	1511400760851	1511400819876	1511401481166	1511403515960
2254846_10850_android_4845_12713126	1511393539748	1511393656858	1511393843930
2138230_10729_android_4842_12713172	1511396710646	1511396731270	1511397191447	1511398896089	1511402655625	1511403496953	1511404040178
2579648_9522_ios_4843_12713266	1511399750392	1511400827879	1511400843887	1511400894906	1511402225460	1511402356512	1511402379522
2669459_9709_ios_4846_12713337	1511401776380	1511401945348	1511402130421	1511402173437	1511402194447	1511402573595
2754014_10594_android_4842_12713183	1511397574014	1511397994744	1511398096781	1511401784288
123060_10045_ios_4846_12713251	1511399428946	1511402596603
1912382_10497_android_4843_12713222	1511398520770	1511398664997	1511399016139	1511399152196	1511399479328
1737913_10703_android_4844_12713051	1511389276986	1511389851344	1511390075424	1511390257482	1511390394530	1511390459554	1511390490566	1511390968741	1511401139008
1009080_10123_android_4844_12713221	1511398490294	1511398537947	1511398790048	1511398794049	1511399126185	1511399246231	1511400611792	1511401266062	1511403918125
2640025_10760_ios_4845_12713156	1511395942779	1511396651040
2453162_9071_ios_4845_12713155	1511395942454	1511396125848	1511398707015	1511401904333	1511401912336
500909_10341_android_4843_12713189	1511397695837	1511397992744	1511398134796	1511398439911	1511399287249	1511399488332	1511399617387	1511400832881	1511400887903	1511403241857	1511403426928
2580526_10260_ios_4846_12713395	1511403116623	1511403239856
1878625_10162_ios_4844_12713130	1511393915012	1511393999993	1511394037006	1511395703680	1511396693255	1511401216041
2604593_10584_ios_4844_12712986	1511373970832	1511374250474	1511374767627	1511385606213	1511393101634	1511393106636	1511398154805	1511398268846	1511398439911	1511398486928	1511398599971	1511398748032	1511398804053	1511398940108	1511398963117	1511399055155	1511399248232	1511399378285	1511399578370	1511399655403	1511399758444	1511399843480	1511399874490	1511400070565	1511400275654	1511400353686	1511400438721	1511400477737	1511400676819	1511400688823	1511400872898	1511400902909	1511400951930	1511401194031	1511401359102	1511401477165	1511401498174	1511401739270	1511403148821	1511403232853	1511403558977	1511403807079	1511403890113	1511404055184	1511404318295	1511404501377	1511404565399
2365768_10876_ios_4842_12713163	1511396280624	1511396832310
849311_10741_android_4843_12713457	1511404338777	1511404347307
2767224_8935_android_4843_12713354	1511402125422	1511403802077
2493957_3992_android_4844_12713160	1511396134781	1511396160861	1511396275899	1511396494974
1878625_9133_ios_4846_12713047	1511387517734	1511387897752	1511388291856	1511389380178	1511390299497	1511398338874	1511398376887	1511398435909	1511398446913	1511398522941	1511398610976	1511398671000	1511398765038	1511398845069	1511398849070	1511398883083	1511398905093	1511399026143	1511399034147	1511399178206	1511399206216	1511399325265	1511399333268	1511399344272	1511399439311	1511399441312	1511399556361	1511399574368	1511399606383	1511399657404	1511399699422	1511399764447	1511399766447	1511399855485	1511400127588	1511400178610	1511400190616	1511400235635	1511400248641	1511400260647	1511400318671	1511400404707	1511400479738	1511400704830	1511400757850	1511400805871	1511400875899	1511400902909	1511400904909	1511400931921	1511400973937	1511401033962	1511401101991	1511401119999	1511401128003	1511401198033	1511401220043	1511401290073	1511401439137	1511401718261	1511402424541	1511402722651	1511402789677	1511402794679	1511403083794	1511403685029	1511404239261	1511404661433	1511404666435
2523674_10123_android_4842_12713080	1511391722120	1511392557396	1511392671455	1511398896089	1511399736436	1511401823306
2528908_10741_android_4842_12713225	1511398590855	1511399063159
1123317_10123_ios_4846_12713396	1511403137916	1511403865104
2722792_10685_ios_4843_12712926	1511370355776	1511397045390
1796088_10480_ios_4845_12713298	1511400674693	1511400692825	1511400695826
2663206_10741_ios_4843_12713419	1511403627355	1511404218252
2581002_10921_ios_4842_12712935	1511370665490	1511370841294	1511372070745	1511374379515	1511388110813	1511391408914	1511394697273
1552948_10497_android_4846_12713356	1511402201627	1511402213454	1511402268478	1511402346509	1511402493565	1511402665628	1511402675632	1511403431929	1511403733049	1511403758058	1511403768062	1511403780067	1511404203246
1278379_7486_android_4845_12713103	1511392669262	1511392696464	1511392735480	1511392860532
1962275_6555_ios_4845_12713055	1511389734608	1511390048414	1511390446549	1511391099795	1511391495947	1511391858091	1511393838928
361155_10729_android_4844_12713115	1511393169208	1511393259703	1511393449777	1511393997992	1511397102413	1511398845069
2761234_10627_android_4842_12713113	1511393092376	1511393469784	1511394033005
840340_6711_android_4844_12713144	1511395165579	1511395242494	1511395443577	1511396484970
2632943_10649_android_4843_12713070	1511390986390	1511391178826	1511391637004	1511392719473	1511393780906	1511395081430	1511400377696	1511401752276	1511403889113
1435683_8517_android_4844_12713220	1511398487112	1511399121183	1511401681246
2146561_10921_android_4844_12713291	1511400412085	1511400417713	1511400491743	1511400628798	1511400639803	1511400640804	1511400789864	1511400858892
1805672_10330_android_4844_12713209	1511398313423	1511398323868
2663206_10830_ios_4847_12713402	1511403262735	1511403727047	1511404120210
1635244_10933_ios_4845_12712982	1511373569352	1511374004396	1511374435531
1099349_7872_android_4845_12712962	1511371570240	1511372515898	1511389007060
2555000_9821_android_4844_12713297	1511400592727	1511400798868	1511400868896	1511402077400	1511402483561
2745502_10836_ios_4842_12713108	1511392842664	1511392861532	1511393345736	1511394075022	1511397364507
20053_10921_ios_4846_12712992	1511374321541	1511375146756	1511375170764	1511384912062	1511385531194	1511390411536	1511391337886	1511391838083	1511394184065	1511396139853	1511397325492	1511397830684	1511398174813	1511398212826	1511398259842	1511398341875	1511398358881	1511398376887	1511398391893	1511398421904	1511398430908	1511398432908	1511398466921	1511398559956	1511398603973	1511398613977	1511398687007	1511398694010	1511398704014	1511398713018	1511398733025	1511398778043	1511398869078	1511398870078	1511398915097	1511398919099	1511398930103	1511399002133	1511399040149	1511399111178	1511399153196	1511399186209	1511399194212	1511399207217	1511399222222	1511399341271	1511399343272	1511399344272	1511399413301	1511399480329	1511399585373	1511399639396	1511399688417	1511399689418	1511399703424	1511399705425	1511399710426	1511399737436	1511399800461	1511399812466	1511399858486	1511399892495	1511400007540	1511400026547	1511400027547	1511400066563	1511400130589	1511400180611	1511400213626	1511400237636	1511400248641	1511400301664	1511400309668	1511400340680	1511400388700	1511400425716	1511400433719	1511400438721	1511400450726	1511400470735	1511400490742	1511400571775	1511400572776	1511400626798	1511400680820	1511400733841	1511400781861	1511400786862	1511400830881	1511400893905	1511400907911	1511400931921	1511400965935	1511400982941	1511401022957	1511401059973	1511401085984	1511401108994	1511401127002	1511401131004	1511401140008	1511401226045	1511401274066	1511401302077	1511401317084	1511401342094	1511401365105	1511401369106	1511401452142	1511401472162	1511401483167	1511401579205	1511401628227	1511401720262	1511401724264	1511401787290	1511401975360	1511402198448	1511402213454	1511402403533	1511402449550	1511402478559	1511402486562	1511402599604	1511402632617	1511402650623	1511402654625	1511402662627	1511402677633	1511402757665	1511402775672	1511402779673	1511402885714	1511402897719	1511402913724	1511403051781	1511403065787	1511403070789	1511403081794	1511403095800	1511403112807	1511403230852	1511403270867	1511403563979	1511403567980	1511403590990	1511403619002	1511403672024	1511403693032	1511403694032	1511403784069	1511403893115	1511403906120	1511403981151	1511404020168	1511404025171	1511404085196	1511404096200	1511404099201	1511404106205	1511404147223	1511404202246	1511404233259	1511404296286	1511404382323	1511404384323	1511404479368	1511404658432	1511404680439	1511404702447
2556080_10909_android_4842_12713234	1511398813923	1511398821059	1511399112178	1511399566365	1511400066563	1511400251643	1511401176024	1511401870321
2764581_10666_android_4847_12713345	1511401967594	1511402058392	1511402353511	1511403604996
2686732_10738_ios_4845_12713131	1511393951002	1511394013998	1511399139190
974371_10836_android_4847_12713442	1511404068089	1511404672437	1511404705448	1511404752473
2197999_9821_android_4845_12713073	1511391397203	1511391408914
2749649_10071_android_4845_12712963	1511371574932	1511392387315	1511394219079	1511396171865
1598577_5411_android_4843_12713460	1511404405549	1511404575403	1511404584405
2435730_10123_ios_4846_12713236	1511398891743	1511399296252
1169123_10685_android_4845_12713321	1511401218682	1511401379111	1511403176832
1693599_10882_android_4844_12713223	1511398521319	1511400408709	1511401544191	1511401683247
1593756_10318_ios_4846_12713461	1511404469120	1511404508380
2663206_10740_ios_4843_12713412	1511403487689	1511403968146
2744843_8331_android_4844_12713215	1511398390798	1511399317261	1511399343272
2606376_10123_ios_4842_12713118	1511393256011	1511393378751	1511393399758
2745506_9537_android_4844_12713332	1511401655059	1511401688248	1511402289487	1511402490564	1511403647014	1511403665021	1511404772481
1396810_10921_ios_4844_12713004	1511375986251	1511391900109	1511398256841	1511401306079	1511401556196	1511401614222	1511401637231	1511401638231	1511401648235	1511401667241	1511401684247	1511401688248	1511401733268	1511401754277	1511401869321	1511401887327	1511401891328	1511401902333	1511402003371	1511402026380	1511402056391	1511402265477	1511402302492	1511402345508	1511402371518	1511402384524	1511402390527	1511402421540	1511402527577	1511402532579	1511402655625	1511402706644	1511402748661	1511402785675	1511402971749	1511403004761	1511403012765	1511403014765	1511403063786	1511403072790	1511403074790	1511403092798	1511403198841	1511403229852	1511403251860	1511403259863	1511403295877	1511403381909	1511403402918	1511403444935	1511403448936	1511403535967	1511403537968	1511403725046	1511403761059	1511403793073	1511403802077	1511403828088	1511403900117	1511403926128	1511403937133	1511403939134	1511403973148	1511404040178	1511404055184	1511404145222	1511404166230	1511404246264	1511404304289	1511404317295	1511404351309	1511404431346	1511404462360
2720331_9821_android_4847_12713350	1511402045157	1511402157431
2727194_10742_android_4844_12712981	1511373328681	1511378131637
974371_10560_android_4843_12713421	1511403661967	1511404012165	1511404411336
2566921_10741_ios_4842_12713133	1511394073864	1511395359545	1511395388556
2009406_10741_android_4845_12713069	1511390929242	1511391011758	1511391434924	1511391679019	1511392537387	1511392723475	1511393781906
2766586_10679_android_4842_12712968	1511371799405	1511371809648	1511371836659	1511371910689	1511372665944	1511372843998	1511372852002	1511373904361	1511374162448	1511374238470	1511374262478	1511378481715
2408510_10622_android_4845_12713083	1511391805556	1511391942129	1511391955134	1511392092193	1511392539388	1511392643435	1511397538570	1511403738051	1511404632423
2579648_8904_ios_4843_12713373	1511402504020	1511402553587	1511402899719
2746331_10738_ios_4845_12713050	1511388905850	1511389197117	1511389333161	1511389495218	1511389692291	1511390275488	1511390376525	1511391507952	1511391701028	1511391722037	1511392092193	1511392108199	1511392158219	1511392474349	1511393232692
815069_9111_ios_4842_12712993	1511374438569	1511376665241	1511377063371	1511390420539	1511393895950
2580526_9464_ios_4844_12713401	1511403245385	1511403848097
2766586_10268_android_4845_12712975	1511372827887	1511372839997	1511372861004	1511373892357	1511373920366	1511374141442	1511374167449	1511374253475
2749649_8966_android_4846_12712943	1511370898664	1511371474522	1511394470182	1511394554214	1511396262896
2640025_10703_ios_4842_12713159	1511396099229	1511397099412	1511397303484	1511397375510
2766317_10663_android_4844_12713000	1511375378127	1511375414854	1511375489881	1511376144087	1511376321137	1511376444177	1511376461181	1511376841294	1511376898311	1511378684766	1511387069544	1511388913029
352562_9766_android_4842_12713031	1511380508729	1511380529210	1511380718250	1511380732253	1511380907289	1511380924293	1511380973307	1511381052323	1511381218366	1511381430418	1511381650479	1511383042747	1511387928765	1511389945379	1511390202464	1511390558594	1511390856701	1511401019956
2740978_9437_android_4846_12713269	1511399775758	1511399834476	1511400840886
2405532_7274_android_4843_12713089	1511392254510	1511393044610
2591047_9821_android_4844_12713193	1511397789311	1511397797672	1511397956729	1511398883083	1511400264649	1511403475944
1693599_6364_android_4844_12713268	1511399770992	1511400544764	1511400782861
2509903_10921_android_4843_12713257	1511399565653	1511400381697	1511400673817	1511404439350
2767174_10123_ios_4843_12713173	1511396787098	1511397172440	1511397435531
2560939_9821_ios_4844_12713296	1511400556419	1511400829880
755792_10337_android_4847_12713380	1511402716427	1511402730654	1511402767669	1511402800681	1511403486948
2760202_10564_android_4846_12713090	1511392268604	1511392275267	1511392381312	1511393553818	1511393564822
2704197_9537_ios_4844_12713134	1511394120455	1511394786309	1511395345540
1701898_10124_ios_4842_12713102	1511392652691	1511392899547	1511397001376	1511397210453	1511397258469	1511397431529	1511397503558	1511397825683	1511397941724	1511398282852	1511398925101	1511398965118	1511399265240	1511399398293	1511399611385	1511399684415	1511399766447	1511400021545	1511400036551	1511400039552	1511400088572	1511400188615	1511400207623	1511400294661	1511400699827	1511400817876	1511401271064	1511401442138	1511401523183	1511401776285	1511401811301	1511402016376	1511402031382	1511402073398	1511402282484	1511403479945	1511404414337	1511404740469
2765544_9131_android_4847_12713418	1511403600640	1511403610999
1878625_10425_ios_4846_12713049	1511388143624	1511389035068	1511389207120	1511389225126	1511389341164	1511389773318	1511389958385	1511390285492	1511394470182	1511398362883	1511398721021	1511399270242	1511401210038	1511401442138
1273462_10876_android_4845_12713360	1511402259781	1511402275481	1511402772670
1445465_10732_ios_4843_12713078	1511391595538	1511391606990	1511391609992	1511391611993	1511391613994	1511391614994	1511391614994	1511391615994	1511391727039	1511391734042	1511391741045	1511391764054	1511391967140	1511392006156	1511392148215	1511392161220	1511392260261	1511392458343	1511392591412	1511392812513	1511392923557	1511393013596	1511393020600	1511393050612	1511393102635	1511393474786	1511393500797	1511393589832	1511393685870	1511393732888	1511393741891	1511393873942	1511393948972	1511395259501	1511396983369	1511397884703	1511398428907	1511398899091	1511398902092	1511398908094	1511399611385	1511400337679	1511401025959	1511401916338	1511401933345	1511402050388	1511402054390	1511402078400	1511402187443	1511402314496	1511402340506	1511402373519	1511402723651	1511403217847	1511403340893	1511403354899	1511403996158	1511404033175	1511404047180	1511404064188	1511404064188	1511404086196	1511404089198	1511404139219	1511404143221	1511404145222	1511404154226	1511404158227	1511404164230	1511404175234	1511404178235	1511404183237	1511404186238	1511404188239	1511404190240	1511404224255	1511404232258	1511404238261	1511404243263	1511404249266	1511404266273	1511404276277	1511404316294	1511404329299	1511404343305	1511404343305	1511404365315	1511404367316	1511404377320	1511404419339	1511404433347	1511404437349	1511404469363	1511404485370	1511404492373	1511404493374	1511404500377	1511404502377	1511404531388	1511404540390	1511404555396	1511404568400	1511404581405	1511404583405	1511404608415	1511404622419	1511404628421	1511404628421	1511404634423	1511404641425	1511404663434	1511404680439	1511404686441	1511404728465	1511404730465	1511404741469	1511404759476	1511404771480	1511404775482
2210043_9766_android_4847_12713458	1511404377342	1511404629422
2764061_9388_android_4844_12713435	1511403865704	1511404311292	1511404408334
2749649_10072_android_4845_12712941	1511370831557	1511394497190	1511394550212	1511396288902
2765324_10254_ios_4845_12713011	1511376779237	1511376936326	1511382599677	1511385551199	1511388207836	1511389867350	1511392096194	1511398248838	1511398251840	1511401272065	1511401282069	1511401330089	1511401341093	1511401358101	1511401533187	1511401599215
1638908_10685_ios_4844_12713217	1511398431708	1511401301077	1511404129214
1080842_10876_android_4845_12713285	1511400283212	1511400317671	1511401005951
2692413_3504_android_4847_12713400	1511403244926	1511403341894	1511403951139	1511404275277
2637466_9437_android_4842_12713232	1511398736166	1511399105175	1511399127185	1511400319672	1511400797867
2266848_7521_android_4843_12713320	1511401204434	1511401312082
20053_10689_ios_4846_12712996	1511375037100	1511376652237	1511377029358	1511382641686	1511396125848	1511397085407	1511398044764	1511398077774	1511398168811	1511398323868	1511398494931	1511398623981	1511398653993	1511398851071	1511398851071	1511398992129	1511399052154	1511399281246	1511399302254	1511399324264	1511399439311	1511399648400	1511399729434	1511399815467	1511399882492	1511399891495	1511400145596	1511400323673	1511400363690	1511400510751	1511400680820	1511401041966	1511401214040	1511401431134	1511401537189	1511401742272	1511401773284	1511401819304	1511402216456	1511402697640	1511402943738	1511403106805	1511403113808	1511403264865	1511403360901	1511403377907	1511403461940	1511403830089	1511403927129	1511404088197	1511404612416	1511404649429
2767140_9387_android_4843_12713044	1511384962880	1511389415190	1511390319504	1511390513574	1511401031961
2620612_10685_ios_4846_12713141	1511394979210	1511394988392	1511395072427	1511397363506	1511397441533
1749897_10685_ios_4845_12713333	1511401729821	1511401781287	1511402013374	1511402146427	1511402166435	1511402351510	1511402361515	1511402824690	1511403169830	1511403246859	1511403446935	1511403584987	1511403598994	1511403598994	1511403614000	1511403620003	1511403698034	1511403700034	1511403705036	1511403762060	1511403828088	1511403830089	1511403847096	1511403908121	1511403935133	1511403976149	1511403981151	1511403983152	1511404025171	1511404026171	1511404027172	1511404035176	1511404052182	1511404073191	1511404116208	1511404160228	1511404171232	1511404172233	1511404176234	1511404181236	1511404193242	1511404212250	1511404245264	1511404252267	1511404285281	1511404287282	1511404288283	1511404340304	1511404354310	1511404391327	1511404396329	1511404400331	1511404405333	1511404414337	1511404493374	1511404528387	1511404529387	1511404544392	1511404597410	1511404599411	1511404608414	1511404611416	1511404712450	1511404724463	1511404747471	1511404764478
914859_10123_ios_4843_12713038	1511382963616	1511390544587	1511401236049	1511401433135	1511401575203	1511401578204	1511401657238	1511401696252	1511401793293	1511401869321	1511401889327	1511401945348	1511402107412	1511402108412	1511402143426	1511402692638	1511403069788	1511403230852	1511403253861	1511403275869	1511403458939	1511403565980	1511403589990	1511403845096	1511403863103	1511404112207	1511404129214	1511404261271	1511404384324	1511404510380	1511404751473
1769348_8935_android_4843_12713467	1511404588075	1511404706448
2764992_10689_ios_4843_12713399	1511403224411	1511403393914
2767136_10921_ios_4844_12713039	1511383085547	1511398323867
2561597_10689_ios_4842_12713265	1511399748586	1511400944927	1511401347096	1511401373108	1511401456144	1511401458145	1511401526184	1511401537189	1511401539189	1511401616222	1511401643233	1511401686248	1511401687248	1511401692250	1511401730267	1511401740271	1511401783288	1511401813302	1511401840312	1511401883326	1511401982362	1511402018376	1511402036383	1511402059392	1511402082402	1511402101409	1511402108412	1511402250471	1511402296490	1511402301491	1511402306493	1511402324501	1511402386526	1511402390527	1511402409535	1511402424541	1511402456552	1511402543583	1511402590601	1511402594602	1511402613610	1511402649623	1511402688637	1511402737656	1511402791678	1511402801681	1511402864706	1511402892717	1511402921727	1511403046778	1511403064786	1511403069788	1511403075791	1511403078792	1511403089797	1511403093799	1511403140819	1511403158826	1511403307882	1511403323887	1511403367903	1511403425927	1511403434931	1511403435931	1511403438932	1511403523963	1511403547972	1511403652016	1511403683028	1511403747054	1511403796074	1511403796074	1511403942135	1511404038177	1511404059186	1511404063187	1511404066188	1511404131215	1511404194242	1511404234259	1511404392327	1511404397330	1511404496375	1511404513382	1511404520384	1511404562398	1511404672437	1511404814496
2635782_7619_ios_4846_12713284	1511400279329	1511400343682	1511400721836	1511403463941	1511403501954	1511403609998	1511403759059	1511403781067	1511403861102
446710_2801_ios_4845_12713390	1511402933960	1511403365903	1511403481946
2704197_7717_ios_4846_12713135	1511394265437	1511394775304	1511395052419	1511395307523	1511395627650	1511395647658	1511395664664	1511396681250
2748557_9502_android_4845_12713279	1511400106769	1511400119585	1511400154600	1511400196618	1511400380697	1511400727838
2749649_2962_android_4846_12712966	1511371732372	1511377202416	1511392383313	1511394191068	1511396150857
2762196_9111_ios_4843_12713327	1511401489052	1511403708038	1511403904119
2767242_3132_android_4843_12713426	1511403743406	1511403938133	1511404350308
2740947_375_ios_4842_12713231	1511398732281	1511401229046
2640025_10685_ios_4843_12713151	1511395661437	1511395732692	1511395972792	1511396003804	1511397122421
2767161_10594_android_4842_12713138	1511394531492	1511394777305	1511394999397	1511395004399	1511395246496	1511395331534	1511395340537
2274124_4109_android_4845_12712934	1511370633410	1511391871097
974371_10741_android_4844_12713409	1511403356571	1511403360901	1511403381909	1511403677026
2764581_10799_android_4844_12713326	1511401446016	1511401467160	1511401836310	1511403726046
2766943_10301_ios_4845_12713243	1511399114331	1511399298253	1511399347273	1511399714428	1511399774450	1511399843480	1511401035963	1511401204035	1511401207037	1511401219042	1511401222043	1511401247054	1511401271064	1511401341093	1511401342094	1511401683247	1511401696252	1511401709257	1511401840312	1511401859318	1511402221458	1511402504569	1511402556588	1511402626615	1511402766668	1511402909723	1511403114808	1511403295877	1511403332891	1511403391913	1511403513959	1511403578985	1511403630007	1511403914123	1511404140220	1511404252267	1511404341304	1511404351309	1511404386325	1511404390326	1511404543391	1511404641425	1511404657432	1511404749472
2459356_10741_ios_4845_12713137	1511394444372	1511395279510
2692413_10496_android_4847_12713437	1511403911564	1511403925128	1511404266273
2767108_10921_ios_4846_12712983	1511373596365	1511375524893	1511375958026	1511377150397	1511382668691	1511398143800
1472627_10832_android_4845_12713386	1511402836719	1511402902720	1511402929731
1693599_10449_android_4842_12713244	1511399126348	1511399761445	1511399764447	1511400474736	1511401421129
2266848_9111_android_4845_12713315	1511401035769	1511401066976	1511401175024	1511401286071	1511401842312	1511402166434
2280942_10832_ios_4842_12713027	1511379496230	1511379508957	1511389255135	1511390526580	1511390569598	1511391865094	1511393084627	1511394424163	1511400951930	1511404734467
2473255_10123_android_4846_12713260	1511399654050	1511399678413	1511399951516	1511399972525	1511400243639	1511400894906	1511401009952	1511401404122
1890741_10594_ios_4846_12713052	1511389548349	1511389591257	1511390014403	1511390167453	1511390260483	1511390373524	1511390455553	1511390487565	1511391397911	1511391504951	1511391675018	1511391811071	1511391823075	1511391932125	1511393145653	1511393847932	1511400147597	1511401669242	1511402138424	1511403262864	1511403441934	1511404165230	1511404478367
2721825_7619_ios_4843_12713404	1511403293415	1511403368904	1511403371905	1511403545971	1511403681027	1511403704036
2764581_2322_android_4844_12713272	1511399909134	1511399921506	1511401550194
2700264_10074_android_4844_12713452	1511404236688	1511404288283	1511404622419
1324911_7000_android_4844_12713464	1511404545066	1511404553396
2749649_10913_android_4842_12712959	1511371430278	1511394249092	1511396184870
2598787_10124_ios_4845_12713329	1511401557208	1511401974360	1511403688030
2644468_2195_android_4845_12713309	1511400919103	1511402023378
2749649_9087_android_4842_12712956	1511371218555	1511394270101	1511396198875	1511396301908
1874351_5411_android_4844_12713075	1511391449409	1511391462935	1511391756051	1511391760053	1511392033167	1511392638433	1511393746892	1511397046391	1511398585966	1511398810055	1511401143010	1511401151013	1511401615222
356314_5377_ios_4843_12713065	1511390762197	1511390784675	1511391469938	1511393807916
2159039_9614_android_4844_12713391	1511402971943	1511403271867	1511403472943
2744216_9400_ios_4843_12713018	1511378224999	1511378294673	1511380959303	1511385491182
2730603_10941_android_4842_12713174	1511396832980	1511396903337	1511396955358	1511397161436	1511397203450	1511397223457	1511397237462	1511397306485	1511397326493	1511397355503	1511397438532	1511397508559	1511397848691	1511398308862	1511398745031	1511398757035	1511398785046	1511398937106	1511399024143	1511399254235	1511399270242	1511399399294	1511399797460	1511400044554	1511400193617	1511400239637	1511400387699	1511400415712	1511400703829	1511400979940	1511401229046	1511401778286	1511401815302	1511402073398	1511402092405	1511403019768	1511403312883	1511403758058	1511403784069	1511404527386	1511404764478
1273994_10862_ios_4844_12713111	1511393011897	1511393223688
1691421_10738_android_4846_12713235	1511398854829	1511398878081	1511399005135	1511399057156	1511399064159	1511399157198	1511400241638	1511401130004	1511401215040	1511403391913	1511403957141
2571457_8840_android_4846_12713214	1511398360587	1511398487929	1511398608975	1511398614978	1511398614978	1511398824060	1511400207623	1511400834883	1511400887903	1511401034963	1511401063975	1511401345095
2365764_364_android_4847_12713290	1511400383538	1511400440722	1511400460730	1511400590783	1511401371107
2532099_5411_android_4845_12712961	1511371550137	1511378525727
2766317_10584_android_4844_12712999	1511375305259	1511375400850	1511375494883	1511376306132	1511376468183	1511377199414	1511377208418
345243_10254_ios_4843_12712928	1511370420821	1511371537545	1511371585562	1511371600569	1511371607571	1511377369465	1511393124644	1511393133648
2668198_10943_ios_4843_12713185	1511397588305	1511398084777	1511403894115
47866_10921_ios_4845_12713240	1511399083417	1511399148194	1511399769448	1511400936923	1511401088985
1693599_10594_android_4843_12713316	1511401062741	1511401478165
2382195_9383_android_4847_12713462	1511404480475	1511404607414
2579648_9863_ios_4846_12713351	1511402047859	1511402540582	1511403857101
1955439_10738_android_4847_12713374	1511402596367	1511402817688
2692413_9795_android_4842_12713258	1511399570534	1511399706425	1511400040553	1511400415712	1511400892905	1511403141819
2535452_10123_ios_4844_12713305	1511400861525	1511400900908	1511401005951	1511403807079
1837453_4390_android_4842_12713024	1511378827200	1511378842804	1511378849805	1511378857808	1511378877814	1511378976835	1511379146877	1511379163880	1511379167881	1511379273906	1511379282908	1511379324918	1511379559969	1511379638986	1511381084330	1511381115338	1511385374151	1511388331866	1511388347872	1511388348872	1511390577601	1511391402913	1511392162221	1511393467784	1511394036006
1921588_7521_ios_4845_12713165	1511396355428	1511396623030	1511396639035
2365768_7439_ios_4842_12713167	1511396400141	1511397210453	1511397287479
1911930_348_ios_4844_12713003	1511375850946	1511376385159	1511376498192	1511376503193	1511376564212	1511376579217	1511376964335	1511389987395	1511394058016
33743_1886_ios_4846_12712945	1511370951523	1511372584920
2481089_9821_android_4844_12713289	1511400357975	1511400427717	1511400512752	1511400731840	1511400763853
2459356_9440_ios_4844_12713139	1511394635789	1511394793312	1511396667245
2767211_10560_ios_4844_12713304	1511400804161	1511400983942	1511401026959
2282589_9388_ios_4842_12713098	1511392487699	1511393451777	1511393482789	1511395391557	1511401114996	1511401190030	1511401223044	1511401232047	1511401278067	1511401656238	1511401665241	1511401667241	1511401702254	1511401787290	1511401800296	1511401820305	1511401881325	1511401907335	1511402147427	1511402182441	1511402244468	1511402359514	1511402398531	1511402619613	1511402643621	1511402845699	1511402872710	1511403276869	1511403491951	1511403507956	1511403603996	1511403703036	1511403711039	1511403806078	1511404127213	1511404132216	1511404196243	1511404376320	1511404615417
1937456_10337_ios_4843_12713192	1511397786930	1511399335268
2722792_7358_ios_4844_12712949	1511371056672	1511377290446
2749649_9435_android_4846_12713109	1511392887767	1511393350738	1511393703877	1511394051012	1511396105841	1511397342499	1511399116180	1511400569774	1511403048779
2452482_10941_android_4846_12713242	1511399111581	1511399275244	1511401750275
2448965_8517_ios_4842_12713072	1511391213355	1511391334886	1511391593985	1511392703467	1511393620844	1511393778905	1511394233085	1511395045416	1511403755057
1666127_5411_android_4843_12713363	1511402300851	1511402449550
2658414_9131_android_4843_12713191	1511397726559	1511397828684	1511398083776	1511399362279	1511399530350
762801_10832_ios_4845_12713057	1511389882376	1511390436545	1511391052776	1511391490946	1511391828078	1511392155218	1511393831925	1511393947972
2729996_3982_ios_4847_12713331	1511401618343	1511403452938	1511403565980	1511403575984	1511403576984	1511403582987	1511403603996	1511403655017	1511403669022	1511403670023	1511403718042	1511403759059	1511403837091	1511403873107	1511403944136	1511403945136	1511403992156	1511403999159	1511404042178	1511404199244	1511404222254	1511404292284	1511404385324	1511404394328	1511404410336	1511404423341	1511404467362	1511404786486
2767196_10833_ios_4844_12713246	1511399231004	1511401007951
2475182_10685_ios_4846_12713171	1511396575466	1511396761283	1511397084406	1511397498556
1279012_8993_ios_4846_12713438	1511403948602	1511403957141	1511403987154	1511404242263	1511404758475
1693599_9533_android_4843_12713306	1511400880679	1511400991945	1511401447140	1511402943738	1511403790071
2647782_10594_android_4844_12713147	1511395449673	1511395940778	1511396478968	1511396527988	1511396742274	1511398475924
2657159_10738_android_4845_12713424	1511403711787	1511404076192	1511404118209
2613890_10876_android_4843_12713094	1511392424550	1511392434333	1511392524381
2760293_10497_android_4843_12713199	1511397948574	1511398441912	1511398571960
2323323_9716_android_4844_12713293	1511400539446	1511400547765	1511400814874	1511400950929	1511401423130
361155_10045_android_4846_12713124	1511393473694	1511393525807	1511393662860	1511393956975	1511394009996	1511395732692	1511397130424	1511397193447	1511397201450	1511398820059	1511399438311	1511403263864	1511404042178
2723354_9111_android_4843_12713301	1511400690545	1511400792865	1511400817876	1511401059973	1511401704255
2031932_10741_android_4847_12713292	1511400453921	1511400475737	1511400621796	1511400629799	1511400663813	1511400684822	1511400899908	1511401074980
2727194_3445_android_4843_12712995	1511374945124	1511375409853	1511376654238	1511390448551
2634098_3982_android_4843_12713206	1511398236061	1511398255841	1511398486928	1511400762853	1511402093406
2720899_1321_android_4846_12713264	1511399727622	1511399738437	1511401461146	1511401989364
1596375_1046_android_4845_12713019	1511378256074	1511378634753	1511378874813	1511390612614	1511398290855	1511398377888	1511398397895	1511398447914	1511398456917	1511398534946	1511398607975	1511398616978	1511398677003	1511398774041	1511398895088	1511398896089	1511398912096	1511399000133	1511399034147	1511399038149	1511399179206	1511399220221	1511399228224	1511399319262	1511399322263	1511399335268	1511399354276	1511399387289	1511399467323	1511399619388	1511399667409	1511399781453	1511399864487	1511400179611	1511400203622	1511400207623	1511400233635	1511400244639	1511400274653	1511400354686	1511400442723	1511400686822	1511400822877	1511400863894	1511400906910	1511400908911	1511401127002	1511401212039	1511401259060	1511401720262	1511401960355	1511401967357	1511402118416	1511402380522	1511402625615	1511402642620	1511402757665	1511402808684	1511403090797	1511403094799	1511403175832	1511403278870	1511403337892	1511403509957	1511403687030	1511403892114	1511403990155	1511404100202	1511404249266	1511404333301	1511404495375	1511404584405	1511404675438	1511404741469
2754671_10563_android_4845_12713466	1511404578329	1511404675438	1511404717452	1511404723463
2765492_2414_Windows_4844_12713081	1511391726211	1511391831079	1511391956135	1511392090192	1511392247256	1511392632430	1511392655439	1511395015404
2767124_9899_ios_4846_12713026	1511379376695	1511387979779	1511390264485	1511390572599	1511391757051	1511397641609	1511398308862	1511401248055	1511401340093	1511401480166	1511401597213	1511401656238	1511401694251	1511401785289	1511402040385	1511402081401	1511402118416	1511402322500	1511402436545	1511402535580	1511402689638	1511402753663	1511402834695	1511403038775	1511403089797	1511403115808	1511403203842	1511403249860	1511403250860	1511403429929	1511403438932	1511403451937	1511403557976	1511403564979	1511403703036	1511403789071	1511403877108	1511403881110	1511403912122	1511403988154	1511404088197	1511404236260	1511404314293	1511404383323	1511404550395
1195130_6832_ios_4843_12713061	1511390295232	1511390423540	1511390470559	1511391477941	1511391659012	1511391724038	1511393824923	1511394383146	1511400117584	1511401159017
2749427_10271_ios_4843_12712952	1511371079779	1511388086807
2460806_9831_android_4846_12713416	1511403581693	1511403638010	1511404460359
259365_7274_ios_4846_12713030	1511380504409	1511389274140	1511389456204	1511389560248	1511390223470	1511390560595	1511390568598	1511391731041	1511391846086	1511401135006	1511401722263	1511404520384
2682909_10921_android_4843_12713446	1511404114159	1511404221254	1511404684441	1511404755474
1596375_1319_android_4845_12713017	1511378050435	1511378905821
2494544_10836_ios_4842_12713161	1511396221045	1511402199449	1511402233464
2765572_447_android_4842_12713286	1511400320185	1511400641804	1511400698827	1511400714833	1511401633229	1511401646234	1511402601605	1511402707644	1511402926730	1511402930732
2749649_3877_android_4844_12712950	1511371074996	1511394317119	1511396209878
2037421_10836_ios_4845_12712927	1511370379020	1511375761966	1511398112787
626789_10741_android_4846_12713082	1511391800847	1511391947131	1511392548392	1511392567401	1511392648437	1511394283106	1511395255499	1511401410124	1511403138818
2323323_1691_android_4846_12713299	1511400675648	1511400743845	1511400848889	1511403818084
2759002_7439_ios_4845_12713056	1511389799464	1511389813331	1511391119802	1511391492946	1511391842084	1511393836928	1511393981985	1511402755664	1511402973749
2703207_9886_android_4844_12713382	1511402786800	1511402844698	1511403517960
1693599_6323_android_4843_12713276	1511399977448	1511400212626	1511400573776	1511401153014	1511401833309
1689527_10741_android_4843_12713037	1511382476223	1511382864723	1511383429800	1511383927880	1511384552994	1511384625007	1511384837046	1511384976071	1511386495396	1511386825477	1511386832479	1511387898753	1511390549589	1511392566400	1511395145455	1511395411564	1511398380889	1511402422540	1511402494565
2764658_8006_android_4844_12713233	1511398740692	1511399067160	1511399091169	1511399111178	1511399164200	1511400252643	1511400280655
2473255_9956_android_4846_12713282	1511400236138	1511400268651	1511400654810	1511400969936	1511401045967	1511401146011	1511401402121
2678069_10741_android_4845_12713365	1511402335620	1511403552974
1699714_10215_android_4845_12713352	1511402096783	1511402108412	1511402192446	1511402730654	1511402923729	1511403577985
2547774_7849_android_4842_12713142	1511395037617	1511395222485
2727194_10738_android_4844_12712985	1511373715239	1511391880100
2384080_10560_android_4844_12712944	1511370917453	1511377319453	1511384207933
2365764_9809_android_4845_12713261	1511399656521	1511400414711	1511400416712
2398130_9531_android_4847_12713311	1511400949702	1511400960933	1511401387114	1511401591210	1511401607219	1511401989365	1511403751055
2285480_10565_ios_4842_12713140	1511394777139	1511394791311	1511394991393	1511394996396	1511395317528	1511396729269
2365764_426_android_4844_12713270	1511399864653	1511400440722	1511400847888
2714275_9241_android_4846_12712973	1511372628465	1511373414193	1511377179407	1511385656227	1511395327533	1511395548618	1511401292073	1511404163229	1511404649429
2622301_9709_android_4847_12713364	1511402332995	1511402424541	1511402470556	1511402502568	1511403564979
1596375_10685_android_4843_12713022	1511378678931	1511378806796	1511378965833	1511381419415	1511382514657	1511389113090	1511389967388	1511390376525	1511390606612	1511390669635	1511391530962	1511391888104	1511393026602	1511394346132	1511394455178	1511394747292	1511397012379	1511403172831
1871064_10337_ios_4845_12713077	1511391542078	1511391567975	1511391750049	1511392121205	1511392633431	1511393749893	1511402102409	1511402531579	1511403144820	1511403838092	1511404034175
2749649_10337_android_4843_12713122	1511393450509	1511393733888	1511393957975	1511393973982	1511396111843	1511396889332
1228699_10337_ios_4842_12713186	1511397617409	1511398081775
2475491_10560_android_4846_12713422	1511403699996	1511404054183
2762797_10836_android_4846_12713132	1511393952570	1511393961977	1511394033005	1511394044009
2727194_2322_android_4842_12713001	1511375790780	1511378368689	1511382628683	1511398187817
2763806_9824_android_4842_12712979	1511373086783	1511373404190	1511378140639	1511380969305	1511381025319	1511382693695	1511385628221	1511385633222	1511387765715	1511387821730	1511398155805	1511398212826	1511398311863	1511398553954	1511398639987	1511398854072	1511398858074	1511398987127	1511399020141	1511399036148	1511399302254	1511399334268	1511399360278	1511399844481	1511399886493	1511399892495	1511399901498	1511400326675	1511400516753	1511401426132	1511401437136	1511401519181	1511401543191	1511401748274	1511401776285	1511401840312	1511403005761	1511403059784	1511403116809	1511403211845	1511403378908	1511403380909	1511403440933	1511403467942	1511403488949	1511403520962	1511403845095	1511403902118	1511403957141	1511404650429
550448_3982_ios_4844_12713054	1511389657986	1511390448550	1511391497948	1511391862093	1511393840929
2021160_9111_android_4846_12713060	1511390266578	1511390392530	1511390408535	1511390424541	1511390900714	1511391020762	1511391224844	1511391486944	1511391757051	1511393961977	1511394220080	1511396459963	1511398925101	1511398998132	1511402212454	1511403273868
2744078_8679_android_4845_12713288	1511400354439	1511400417713	1511400526757	1511400690824	1511400756850	1511400924919	1511400981941
2541434_10876_android_4845_12713059	1511390187655	1511390299497	1511392404321	1511392491356	1511392777498
1323135_10833_android_4846_12713091	1511392291708	1511392543389	1511392608420	1511392972580	1511393000591	1511394521200	1511395280511	1511396416948	1511402632617
2685421_9945_android_4844_12713342	1511401865634	1511404356311	1511404781484
1199693_6116_ios_4844_12713367	1511402344818	1511402521575
2655647_10741_android_4843_12713239	1511399063735	1511400361689	1511403172831
1434545_10898_ios_4845_12713105	1511392799714	1511397021382	1511397193447	1511397381512	1511397499556	1511397534569	1511397801673	1511397815679	1511398263844	1511398294857	1511398905093	1511398959115	1511399245231	1511399392291	1511399759445	1511400031550	1511400037551	1511400181611	1511400190616	1511400696826	1511400982941	1511401248055	1511401447140	1511401531186	1511401541190	1511401590210	1511401605217	1511401609219	1511401640232	1511401685247	1511401705255	1511401722263	1511401759279	1511401793293	1511401903333	1511401919339	1511401956353	1511402053389	1511402086403	1511402088404	1511402118416	1511402173437	1511402184442	1511402188444	1511402243468	1511402283484	1511402291488	1511402344508	1511402386526	1511402419539	1511402478559	1511402510571	1511402520575	1511402538581	1511402542583	1511402631617	1511402647622	1511402692638	1511402727653	1511402797680	1511402797680	1511402930732	1511402974749	1511402982752	1511403004761	1511403053782	1511403056783	1511403140819	1511403212846	1511403431929	1511403514959	1511403558977	1511403732048	1511403781068	1511403791072	1511403945136	1511404031174	1511404149224	1511404451355	1511404475366
2649378_9111_android_4846_12713385	1511402827206	1511403152824
1596375_5122_android_4842_12713016	1511377960183	1511378284670	1511378929826	1511385526193	1511398278850	1511401265062	1511401325087	1511401375109	1511401379111	1511401452142	1511401457144	1511401473163	1511401607218	1511401650236	1511401650236	1511401689249	1511401765281	1511401826307	1511401991365	1511402018376	1511402044386	1511402073398	1511402099408	1511402132421	1511402307494	1511402311495	1511402320499	1511402352511	1511402384524	1511402409535	1511402437546	1511402469556	1511402675632	1511402789677	1511402803682	1511402989755	1511403080793	1511403103803	1511403162827	1511403184835	1511403232853	1511403238855	1511403456939	1511403461940	1511403544971	1511403625004	1511403770063	1511403806079	1511403931131	1511404063187	1511404111207	1511404255268	1511404296286	1511404323297	1511404479368	1511404522384	1511404724463
2758617_10921_android_4842_12713074	1511391410175	1511391650008	1511391671016	1511391673017	1511391984147	1511392686460	1511393776904	1511396162861	1511401040965
2627469_10832_ios_4843_12712980	1511373180461	1511373187108	1511373890356	1511399732435	1511401439137
2720303_10594_android_4843_12713170	1511396565663	1511396593016	1511396602020	1511396797297	1511397201450	1511397458539
2257221_10337_ios_4843_12713343	1511401879908	1511403099801
1693599_10927_android_4845_12713230	1511398730590	1511400452727
2766943_10361_ios_4845_12713208	1511398299915	1511399356277	1511399493334
2762497_7619_android_4843_12713312	1511400988315	1511401004950	1511401699253	1511402653625	1511402701642	1511403561978	1511403582987	1511403598994	1511403773064	1511403949138	1511404111207
2673007_3982_ios_4845_12713203	1511397989505	1511398132796	1511398145801
1133615_10751_android_4846_12712953	1511371101878	1511371287443	1511378535729	1511388062801	1511393682869
787768_7879_ios_4846_12713216	1511398431184	1511401074980	1511401245053	1511401276066	1511401460146	1511401708257	1511401834310	1511402802682	1511403112807	1511403307882	1511403617001	1511403817083	1511403900117	1511404060186	1511404136218	1511404355310	1511404364315	1511404373319	1511404609415	1511404620419	1511404627421	1511404635424
2401983_7274_android_4844_12713104	1511392683789	1511392894545	1511393137649	1511393485790	1511394570221	1511395863746	1511396149857	1511400302665	1511404270275	1511404271275
2758167_9437_android_4843_12712970	1511372037611	1511372466881	1511378441702
2492109_10741_android_4843_12713271	1511399907006	1511399970524	1511400044554	1511400697827	1511400845888	1511400882901	1511404287282	1511404367316	1511404463360
2490742_10227_android_4843_12713338	1511401779355	1511401795294	1511402173437	1511402290487	1511402290487	1511403334891	1511403736050	1511403992156
2744843_6970_android_4844_12713229	1511398665280	1511398709016	1511399098172	1511399145193	1511399202215	1511399204215	1511399210218	1511399333268	1511401043966	1511401249055	1511401368106	1511401652236	1511401891328	1511403027771	1511403096800	1511404456357
2699458_2961_ios_4847_12713415	1511403542139	1511404355310	1511404367316
2728821_9388_android_4846_12713443	1511404073345	1511404757475
1635244_10726_ios_4843_12712990	1511374209838	1511377098382
1630758_9361_android_4845_12713112	1511393055113	1511393069620	1511393297719	1511393481789	1511393623845	1511393676866	1511395237491
2579648_8905_ios_4846_12713368	1511402349726	1511402427541
2654487_10876_android_4843_12713366	1511402339378	1511402431543	1511402437546	1511402589601
1654091_3000_android_4845_12713277	1511400042520	1511400069564	1511400210625	1511401161018	1511401992366	1511404758475
976592_4076_android_4843_12713064	1511390554341	1511390585604	1511390782674	1511390939730	1511391029765	1511391051775	1511391123804	1511391357894	1511391470938	1511391570977	1511392712470	1511393203680	1511393539812	1511393563822	1511393810917	1511394870343
2644918_2322_ios_4843_12713224	1511398587648	1511398765038	1511402495565
2767138_9821_android_4845_12713045	1511385165322	1511385202116	1511385225120	1511385353146	1511386144325	1511386246342	1511386286353	1511386961514	1511387879746	1511389404186	1511390309500	1511390498569	1511390891711	1511391707031	1511394007996	1511394352134	1511397880702	1511401060974	1511401307079	1511401653237
2674963_2961_android_4846_12713107	1511392826598	1511393011595	1511393295718	1511393367747	1511393749893	1511398860074	1511399678413	1511401280068	1511403042777	1511404445352	1511404674437
1847457_9506_android_4844_12713439	1511404043920	1511404152225	1511404222254
2405532_9888_android_4842_12713087	1511392116519	1511392457343	1511392497359	1511393083627	1511394968385
2752051_8092_android_4843_12713459	1511404383198	1511404410336	1511404506379
2767141_10034_ios_4844_12713042	1511383776216	1511389225126	1511389423193	1511390329508	1511390527580
2767209_10921_android_4845_12713413	1511403498109	1511403636009	1511404230257
622249_10738_android_4842_12713247	1511399295240	1511399351275	1511401010952	1511402383524
2606362_7274_android_4846_12713085	1511392041931	1511392061179	1511392172225	1511392521369	1511392618424	1511394988392	1511397286479	1511403967145	1511404029172	1511404165230	1511404172233	1511404179235	1511404182236	1511404183237	1511404240262	1511404274276	1511404281279	1511404289283	1511404362313	1511404384324	1511404390327	1511404412336	1511404572401	1511404584405	1511404585406	1511404607414	1511404623420	1511404707448
1491344_10741_ios_4842_12713149	1511395555539	1511396982369	1511401097989	1511401253057	1511401406123	1511401529185	1511401666241	1511401706256	1511401827307	1511402492564	1511402938736	1511403085795	1511403404918	1511403485947	1511403501954	1511403518961	1511403608998	1511403890113	1511404132216	1511404373319	1511404393328	1511404470363	1511404607414	1511404763477
2749649_2389_android_4842_12712947	1511370981442	1511394396152	1511394449175	1511394514197	1511396246892
2014732_10876_android_4847_12713389	1511402918351	1511403176832	1511404000160	1511404703447
1701898_10741_ios_4843_12713095	1511392426049	1511392980583	1511401130004
1523099_10563_ios_4844_12713114	1511393098269	1511393203680	1511393463782	1511397332495
2270917_10741_android_4847_12713287	1511400327766	1511400347683	1511402128420	1511402916726	1511402955743	1511402987754
1805058_10254_ios_4842_12713162	1511396242432	1511396263896	1511396350924	1511396392938	1511396547997
1396810_10832_ios_4844_12712998	1511375303660	1511375449866	1511375746961	1511388016789	1511404055184	1511404080194
2760202_9502_android_4845_12713088	1511392118933	1511392385314	1511392414325
2694545_5279_android_4842_12712988	1511374007114	1511374161448	1511374489549	1511374954691	1511375398849	1511375492882	1511376035052	1511376041054	1511376122080	1511391861092
2613885_10685_android_4845_12713378	1511402690629	1511402709645	1511404196243
2767140_1631_android_4845_12713136	1511394371359	1511395055420	1511395058421	1511395062423	1511396675248
2738568_10366_android_4846_12713253	1511399487390	1511404686441
1186607_10877_android_4847_12713463	1511404512530	1511404701446
2691150_9795_ios_4844_12713123	1511393466418	1511393472785	1511393610840
2014732_10738_android_4845_12713410	1511403432602	1511403673024	1511404031174	1511404493374	1511404730465
1636574_10560_android_4844_12713129	1511393661898	1511393765900	1511393836928	1511393917960	1511394045010	1511401550194	1511401651236	1511401859318	1511402986754
2495585_447_android_4846_12713383	1511402800524	1511402812686	1511403123812	1511403493951
1396810_10832_ios_4845_12712997	1511375229589	1511375254792	1511376636233	1511394462180	1511398183816	1511404077193
47866_7521_ios_4842_12713086	1511392078095	1511392493357	1511392589411
1852609_10560_ios_4844_12713392	1511403039969	1511403127814	1511403267866	1511403454938	1511404378321
1434545_10904_ios_4845_12713099	1511392593953	1511402159432
1351831_7274_android_4846_12713370	1511402397758	1511402422540
2740947_9956_ios_4844_12713198	1511397940721	1511398030758	1511398088778	1511398121790	1511398271847	1511398603973
2749649_6697_android_4844_12713110	1511392986214	1511393325729	1511393988988	1511397354503
2699458_10497_ios_4847_12713397	1511403142549	1511403151822	1511403213846	1511403329889	1511404011164	1511404360313
682632_10921_android_4846_12713455	1511404308239	1511404813495
2722792_10685_ios_4842_12712931	1511370522867	1511385712241
1378446_10921_android_4844_12713013	1511377035143	1511377118388	1511377126389	1511377562516	1511382566670
2402333_7439_ios_4843_12713427	1511403753964	1511404305290
2610043_9116_android_4842_12713116	1511393169816	1511393435771
2307541_10560_ios_4843_12713433	1511403849934	1511404333301	1511404451355
2377396_9401_android_4843_12713252	1511399439617	1511399772450	1511399828473	1511401693250
2037421_9457_ios_4846_12713025	1511378963143	1511382313611	1511382442642	1511390248479	1511390553592	1511390574600	1511396429952	1511401254058	1511401383113	1511401385114	1511401400120	1511401434135	1511401445140	1511401495173	1511401505176	1511401515180	1511401546192	1511401589209	1511401597213	1511401648235	1511401651236	1511401653237	1511401691249	1511401740271	1511401776285	1511401894330	1511401971359	1511402023378	1511402064394	1511402083402	1511402317497	1511402457552	1511402615611	1511402643621	1511402686637	1511402750661	1511402776672	1511402823690	1511402848700	1511402859705	1511402901720	1511403030772	1511403091798	1511403164828	1511403243858	1511403245858	1511403286873	1511403397916	1511403398916	1511403465941	1511403552974	1511403693032	1511403736050	1511403745053	1511403776066	1511403807079	1511403832090	1511403896116	1511403977150	1511404082195	1511404187239	1511404467362	1511404582405
371448_10563_android_4845_12713348	1511401992034	1511402134422	1511402151429	1511404031174	1511404077192
606717_10408_android_4847_12713369	1511402350100	1511402860705
2709272_485_android_4846_12713101	1511392629916	1511392637432	1511393123643	1511393441774	1511393779906
2767141_7619_ios_4844_12713041	1511383691837	1511388319863	1511390532582	1511395718687	1511395756702	1511400526757
2692413_5440_android_4843_12713207	1511398272071	1511398520941	1511398561957	1511398782044	1511399426306	1511403115808
818820_10877_android_4845_12712924	1511370016770	1511385734246
2186516_7972_ios_4846_12713190	1511397721184	1511404197243
2726553_10123_ios_4845_12713157	1511395957987	1511396644038
2746331_10742_ios_4842_12713100	1511392610741	1511392746484	1511393048612	1511393234693	1511397030385
2631334_8713_ios_4845_12713432	1511403834031	1511404283280	1511404339304	1511404466362
2758617_10741_android_4842_12713068	1511390921701	1511390942731	1511391438926	1511392728477	1511393787909	1511395067425	1511396218882
1693599_6311_android_4842_12713280	1511400200823	1511400602788	1511401059973
2766317_10560_android_4843_12712937	1511370735404	1511370818286	1511371233425	1511372101755	1511373585247	1511374437532	1511375012710	1511376472183	1511376853297
1346880_10297_android_4843_12713079	1511391616131	1511391646007	1511391725039	1511392111200	1511392312283	1511392543390	1511392581408	1511392675457	1511398431908	1511399619388	1511400780860	1511402056391	1511403408920	1511404051182
2766317_10584_android_4844_12713046	1511387047857	1511387059541	1511387161564	1511387166565	1511387174568	1511388308861	1511389393183	1511390301497	1511390692643	1511400265649	1511401441138
2764061_8332_android_4843_12713313	1511401003710	1511403467942
1481226_10584_ios_4845_12713015	1511377768519	1511378241663	1511378272668	1511390413537
1992309_10594_android_4846_12713303	1511400792658	1511400844887	1511401045967
1484311_10741_ios_4843_12713093	1511392391040	1511392581408	1511392597415
2764061_10941_android_4843_12713417	1511403582784	1511404447353
2706444_9680_ios_4846_12713448	1511404159689	1511404815496
2746516_9482_android_4847_12713339	1511401805454	1511403654017	1511404228256
2685281_10921_android_4842_12713254	1511399488079	1511399495335	1511399527349	1511400021545	1511401046968
2724412_10921_ios_4844_12713263	1511399676587	1511399730434	1511399817468	1511399987531	1511400622796	1511400667815
2363160_5411_ios_4846_12713318	1511401134277	1511401252057	1511401338092	1511401532186	1511401568200	1511401581206	1511401773284
1959653_10297_android_4842_12713168	1511396487670	1511397573583
2692413_10123_android_4844_12713179	1511397462222	1511398112787	1511398190818	1511399424305	1511403170830
2764936_10921_android_4843_12713444	1511404085928	1511404742469
2377396_10497_android_4844_12713227	1511398619166	1511398628983	1511399091169	1511399448315	1511399757444	1511399811465	1511400335679
2673285_3504_android_4843_12713469	1511404590329	1511404605414	1511404627421	1511404693444	1511404705448	1511404734467	1511404764478	1511404766478
2460751_6970_android_4844_12713023	1511378733386	1511378936828	1511378952831	1511380946299	1511381028319	1511382466647	1511382507656	1511385402158	1511385406160	1511390579601	1511391786062	1511392441336	1511393643852	1511404693444
2767171_10034_android_4845_12713204	1511398064235	1511398081775	1511398202822	1511398210825	1511398243836	1511398795050
2756361_8006_android_4846_12713245	1511399224821	1511399583372	1511399843480
2188106_9111_ios_4846_12713295	1511400556303	1511403948137
2613885_6937_android_4847_12713450	1511404167383	1511404189240	1511404230257
2721825_10318_ios_4844_12713414	1511403510233	1511403837091
2621940_7274_android_4843_12713335	1511401736606	1511401750275	1511401770283	1511403813082	1511403817083
2384080_10738_android_4842_12712955	1511371161241	1511372555912	1511375715952	1511377221423
2766317_8926_android_4846_12712930	1511370514566	1511370621213	1511370810284	1511370893313	1511371221421	1511371333460	1511371507534	1511371663590	1511372120762	1511376475184
2654487_10877_android_4844_12713371	1511402406515	1511402564591
1513995_10690_android_4842_12713274	1511399960649	1511399976527	1511400226632	1511400681821
1796088_10761_ios_4846_12713048	1511387594422	1511387603670	1511387889749	1511387895752	1511389349167	1511389364173	1511389378178	1511389386180	1511390294495	1511390313502	1511390504571	1511392011158	1511393071621	1511398800051	1511398999132	1511399438311
2532099_8532_android_4844_12712948	1511371006559	1511377267438
2767228_10597_ios_4843_12713393	1511403060378	1511403148821	1511403256862	1511403451937
2765572_10227_android_4846_12713150	1511395621935	1511395884755	1511395948782	1511396034815	1511398768039	1511402115415	1511402571594	1511402822689	1511402970748	1511403000760	1511403106805
1895358_10836_ios_4845_12713058	1511389991513	1511390427542	1511391076785	1511391488945	1511391776058	1511391799067	1511393830925	1511394496189	1511397710637	1511398406899	1511401613221
2743771_10921_android_4844_12713158	1511396083230	1511397553576
2588016_5411_android_4846_12713294	1511400542573	1511402555588	1511402581598
2186516_10590_ios_4843_12713166	1511396369089	1511401566200
2764008_10271_ios_4844_12713302	1511400783052	1511401051970	1511402962746
2722792_10254_ios_4843_12712942	1511370880837	1511377342459
2720899_10215_android_4843_12713323	1511401268906	1511401288072	1511401323086	1511401415127	1511401807299	1511401958354	1511401996368	1511402382523	1511402896718	1511403072790	1511403159826
2760558_10227_android_4844_12713097	1511392461874	1511392471348	1511392543390	1511393478787	1511393514802	1511403120810
2767136_10921_ios_4844_12713040	1511383207894	1511390534583	1511398317865
2767201_8006_ios_4843_12713267	1511399759259	1511400622796
2692413_7241_android_4842_12713212	1511398333788	1511398553954	1511398785046	1511399429307	1511400408709	1511403108806	1511404284281
2759300_375_android_4844_12713117	1511393178768	1511393423766	1511393771902
2765835_10836_ios_4845_12713262	1511399672714	1511399792458	1511400423715	1511400644805
1378446_3532_android_4842_12713009	1511376541376	1511376605224	1511377290446	1511378328680	1511382578673	1511398262843
2765340_10943_ios_4846_12713210	1511398320637	1511398832063
2728847_9821_ios_4844_12713281	1511400227170	1511400666814
123060_10041_ios_4845_12713218	1511398451060	1511402627616
2186516_7487_ios_4845_12713178	1511397385051	1511401494172
2634098_10594_android_4847_12713310	1511400930168	1511402016376	1511402157431	1511403771063
2667516_7346_ios_4844_12713053	1511389593097	1511390059418	1511390450551	1511390482563	1511391501950	1511391901110	1511391930124	1511393145653	1511393845931	1511397431529	1511401182027	1511401339093	1511401368106	1511401395118	1511401446140	1511401501175	1511401571202	1511401636230	1511401652236	1511401660239	1511401700254	1511401797295	1511401898331	1511401945348	1511402099408	1511402143426	1511402145426	1511402257474	1511402616612	1511402640620	1511402696640	1511403027771	1511403256862	1511403258863	1511403570982	1511403600995	1511403626005	1511403800076	1511403834090	1511404017167	1511404060186	1511404075192	1511404117209	1511404128214	1511404343305
2226707_10115_android_4845_12713121	1511393444584	1511393856935	1511393871942
2580526_10260_ios_4844_12713388	1511402851988	1511403209844
1693599_8841_android_4846_12713255	1511399533254	1511400039552	1511400528758	1511401806299
2663206_7359_ios_4843_12713445	1511404089474	1511404138219	1511404216252	1511404271275	1511404647428	1511404788487
2712646_9388_android_4846_12713119	1511393343907	1511393372748	1511393439773
2767168_10254_android_4844_12713152	1511395756251	1511395985797	1511396939351	1511396969364	1511396985370	1511397056395	1511397108416	1511397136426	1511397141428	1511397143429	1511397274474	1511397397518	1511397488552	1511397653614	1511397813678	1511397993744	1511398103784	1511398887085	1511398936105	1511399227224	1511399390290	1511399589375	1511399658405	1511399739437	1511399775451	1511400028548	1511400029548	1511400136592	1511400164604	1511400479738	1511400680820	1511400697827	1511400948928	1511400986943	1511401224044	1511401774284	1511401794293	1511401995367	1511402021377	1511402031381	1511402068396	1511402361515	1511402824690	1511402887715	1511402903721	1511403028772	1511403650015	1511403656017	1511403920126	1511404191241	1511404386325
2727013_10564_android_4846_12712977	1511372978822	1511373107082	1511376077065	1511382700696
2544189_10921_android_4844_12713063	1511390446597	1511390868703	1511391040769	1511391209838	1511391316878	1511391472939	1511393823922	1511397084406	1511401172022
2473255_7470_android_4844_12713307	1511400886507	1511400897907	1511400966935	1511401398120	1511402030381	1511402041385
2505543_10830_android_4842_12713187	1511397633564	1511397645611	1511398056768
2544189_10921_android_4846_12713066	1511390844805	1511391044772	1511391190831	1511391308875	1511391463936	1511391695026	1511391705030	1511391781060	1511392008157	1511393516803	1511393642852	1511393791910	1511393923962	1511395054420	1511397075403	1511398844068	1511400582780	1511404650429
1874039_10836_ios_4843_12713347	1511401978566	1511402663628
2656887_2961_android_4846_12713067	1511390869484	1511390908718	1511391368900	1511391459934	1511393789909
2037421_8926_ios_4846_12713020	1511378328206	1511378598744	1511380929294	1511380949300	1511385458173	1511390610613	1511401665241	1511402096407
2712179_10742_android_4842_12713238	1511398961022	1511398976122	1511399097172	1511399298253
2732256_10256_ios_4846_12713106	1511392809489	1511392822517
1693599_10348_android_4842_12713248	1511399305772	1511400502747
2023793_10921_android_4845_12713328	1511401508296	1511401527184	1511401561198	1511402029381	1511402356512	1511403699034
2766317_10358_android_4846_12713012	1511376978639	1511377058368	1511377181408	1511377302449	1511384340960	1511386236340	1511386949510	1511391820074
2767233_10836_ios_4846_12713405	1511403296399	1511403343895	1511403366903	1511403369904	1511403380909	1511403461940	1511403505956	1511403645013	1511403678026	1511403695032	1511403703036	1511403710039	1511403755057	1511403757058	1511403958142	1511403961143	1511404005162	1511404110206	1511404113207	1511404250266	1511404261271	1511404298287	1511404455357	1511404575403	1511404820498
1636574_10317_android_4842_12713120	1511393384465	1511393790910	1511393868940	1511395413565	1511396712262
2601143_10597_android_4846_12713175	1511397013736	1511397029384	1511397159435	1511397161436
2402333_10337_ios_4846_12713420	1511403629291	1511404436348
2699458_7274_ios_4844_12713408	1511403331803	1511403371905	1511403962143	1511404008163	1511404284280	1511404320296	1511404344306	1511404357311
2428362_10297_ios_4845_12713145	1511395173905	1511402283484
2765572_9531_android_4843_12713154	1511395829367	1511395859744	1511398743030	1511398799051	1511402627616	1511402852702	1511402960745
2695689_9888_ios_4844_12713143	1511395041720	1511395272508	1511396642037	1511396683251
2508263_9439_ios_4845_12713125	1511393476693	1511393486791	1511393833926	1511394823324
1141819_10254_android_4845_12712984	1511373703795	1511373944376	1511374517556	1511377127390
835911_4790_ios_4845_12713043	1511384774425	1511390323506	1511390515575	1511390701646	1511392050174	1511392308281
2128613_10685_android_4845_12713334	1511401735434	1511401786289
2685421_10864_android_4847_12713336	1511401775164	1511403625004	1511403831089	1511404333301	1511404405333	1511404779484
2304297_10741_android_4845_12713425	1511403731196	1511403776066	1511403979150
2699458_7439_ios_4844_12713436	1511403897938	1511403969146	1511404221254	1511404298287	1511404352309	1511404387325	1511404395329
2767085_3806_android_4842_12712989	1511374070795	1511375482878	1511376042054
2767251_9614_android_4846_12713451	1511404187989	1511404740469
2692413_4249_android_4845_12713219	1511398483089	1511398558956	1511398787046	1511400420714	1511401279068
2341341_10876_android_4842_12713205	1511398156890	1511398187817	1511398211825	1511398219828	1511398531945	1511398752034	1511398766038
2767177_10921_android_4843_12713176	1511397221734	1511397407522
1847457_9602_android_4847_12713398	1511403184232	1511403206843
500909_10925_android_4843_12713196	1511397907708	1511398026757	1511398137798	1511398420904	1511398542949	1511399200214	1511399521346	1511399579371	1511400920917	1511401172022	1511403115808	1511403432930
2508543_10921_ios_4844_12713300	1511400682070	1511400693825	1511400776858	1511400906910	1511401309080	1511401627227	1511401727266	1511402275481
2648923_10921_android_4844_12712951	1511371077129	1511371234425
2541106_9111_android_4843_12713381	1511402734087	1511402741658	1511403111807	1511403529965
2717439_9449_android_4844_12713202	1511397988321	1511398010750	1511398401897	1511398860074	1511401779286	1511402638619
1799242_6970_ios_4842_12713169	1511396527581	1511397249466	1511397489552
1732160_10943_android_4843_12713249	1511399366417	1511400002538	1511400385699	1511400978940	1511401179025	1511403816083	1511404020168
2545343_10850_ios_4845_12713127	1511393561470	1511393826923
